## htsjdk.samtools.metrics.StringHeader
# CollectMultipleMetrics INPUT=SPT5_T15_R1.mLb.clN.sorted.bam OUTPUT=SPT5_T15_R1.mLb.clN.CollectMultipleMetrics TMP_DIR=[tmp] VALIDATION_STRINGENCY=LENIENT REFERENCE_SEQUENCE=genome.fa    ASSUME_SORTED=true STOP_AFTER=0 METRIC_ACCUMULATION_LEVEL=[ALL_READS] PROGRAM=[CollectAlignmentSummaryMetrics, CollectBaseDistributionByCycle, CollectInsertSizeMetrics, MeanQualityByCycle, QualityScoreDistribution] INCLUDE_UNPAIRED=false VERBOSITY=INFO QUIET=false COMPRESSION_LEVEL=5 MAX_RECORDS_IN_RAM=500000 CREATE_INDEX=false CREATE_MD5_FILE=false GA4GH_CLIENT_SECRETS=client_secrets.json USE_JDK_DEFLATER=false USE_JDK_INFLATER=false
## htsjdk.samtools.metrics.StringHeader
# Started on: Thu Sep 10 13:04:10 BST 2020

## METRICS CLASS	picard.analysis.BaseDistributionByCycleMetrics
READ_END	CYCLE	PCT_A	PCT_C	PCT_G	PCT_T	PCT_N
1	1	18.06412	31.998873	31.431934	18.496784	0.008289
1	2	30.765533	19.212917	19.435051	30.584842	0.001658
1	3	29.386314	20.694914	20.273855	29.644917	0
1	4	29.356475	20.789404	20.308667	29.545455	0
1	5	37.679862	12.233937	12.030038	38.054506	0.001658
1	6	29.023274	20.817585	20.441284	29.712884	0.004973
1	7	28.950335	21.362973	20.79935	28.887342	0
1	8	29.764273	19.983754	19.829587	30.422386	0
1	9	19.637292	30.241695	30.309661	19.811352	0
1	10	31.668987	18.632717	17.94808	31.750216	0
1	11	24.398249	25.803992	25.570254	24.227505	0
1	12	29.101187	21.056296	20.689941	29.152576	0
1	13	24.40488	25.706187	25.223792	24.665142	0
1	14	25.034812	25.140906	25.127644	24.696638	0
1	15	27.138452	22.864863	22.297925	27.69876	0
1	16	28.676812	21.261853	21.150786	28.91055	0
1	17	30.110735	20.467807	19.670446	29.751011	0
1	18	29.951595	20.404814	19.900869	29.742723	0
1	19	29.639944	19.997016	20.209204	30.153836	0
1	20	29.455938	20.714807	20.431337	29.397918	0
1	21	28.860818	21.16239	20.577216	29.399576	0
1	22	29.07397	21.242664	20.869666	28.8137	0
1	23	28.582086	21.405481	21.528158	28.484276	0
1	24	29.034451	21.34023	20.808051	28.817268	0
1	25	28.787904	21.285873	21.149925	28.776299	0
1	26	29.018353	21.20132	20.737106	29.043222	0
1	27	29.204112	21.127508	20.596916	29.071464	0
1	28	29.331962	20.687939	20.586772	29.393326	0
1	29	29.181943	20.508652	20.558422	29.750983	0
1	30	29.144611	20.871152	20.35178	29.632457	0
1	31	29.047785	20.811964	20.894953	29.243639	0.00166
1	32	28.885163	21.079977	20.734703	29.300156	0
1	33	28.984641	21.085928	20.953093	28.976339	0
1	34	28.83622	21.603083	20.792573	28.768124	0
1	35	29.052415	21.193539	20.932629	28.821418	0
1	36	28.835182	21.538231	20.739841	28.886745	0
1	37	29.430491	21.037017	20.757013	28.77548	0
1	38	29.231592	21.152946	20.390557	29.224905	0
1	39	29.349795	20.514326	20.495873	29.640005	0
1	40	29.107594	20.853679	20.518606	29.520121	0
1	41	28.980709	20.799689	20.504071	29.715531	0
1	42	29.129491	20.96041	20.388778	29.521322	0
1	43	28.887526	21.140579	20.88848	29.083414	0
1	44	28.721583	21.30923	20.963435	29.005752	0
1	45	29.030371	21.190742	20.753678	29.025209	0
1	46	28.498816	21.106136	21.197766	29.197282	0
1	47	28.905069	21.191374	20.72393	29.179627	0
1	48	29.184939	20.522408	20.573076	29.716083	0.003494
1	49	28.923326	21.155738	20.554853	29.364326	0.001757
1	50	29.05101	20.949874	20.39154	29.598742	0.008834
1	51	29.48244	20.526447	20.210081	29.768591	0.012441
1	52	28.926594	21.262725	20.416146	29.390963	0.003572
1	53	29.440822	20.676834	20.734314	29.140845	0.007185
1	54	28.882145	21.334634	20.689717	29.093504	0
1	55	29.205132	21.340045	20.504107	28.948899	0.001817
1	56	28.782396	21.190189	20.959901	29.067515	0
1	57	28.999687	20.903757	20.464201	29.632354	0
1	58	29.145691	20.7118	20.376814	29.763844	0.001851
1	59	29.038325	20.890908	20.587359	29.483407	0
1	60	29.348458	20.894347	20.269992	29.487204	0
1	61	29.583789	20.84261	20.244519	29.329082	0
1	62	29.536177	20.772342	20.398322	29.293159	0
1	63	29.26233	20.999351	20.516102	29.222218	0
1	64	29.166106	21.028872	20.773383	29.031638	0
1	65	29.498976	20.943673	20.33479	29.222562	0
1	66	29.158809	20.770233	20.568051	29.502906	0
1	67	29.288146	21.030799	20.418346	29.262709	0
1	68	29.27896	20.967297	20.466903	29.28684	0
1	69	29.591068	20.982072	20.593368	28.833492	0
1	70	29.547088	20.814362	20.416966	29.221583	0
1	71	29.708847	20.55977	19.968209	29.763174	0
1	72	29.586015	20.821067	20.325665	29.265222	0.00203
1	73	29.835285	20.573937	20.401633	29.189145	0
1	74	29.806281	20.267097	20.07841	29.848212	0
1	75	31.248582	18.889847	18.687877	31.171425	0.002269
1	76	36.050119	14.210415	13.692359	36.047107	0
2	77	17.548571	32.579073	32.099993	17.712685	0.059678
2	78	30.458856	19.687023	19.212917	30.573238	0.067966
2	79	28.961939	21.0679	20.517539	29.39626	0.056362
2	80	29.182415	20.807639	20.626948	29.324978	0.05802
2	81	37.56548	12.28201	12.116239	37.986539	0.049731
2	82	29.039851	20.971753	20.60374	29.334925	0.049731
2	83	28.617134	21.485644	20.847424	29.000066	0.049731
2	84	29.757642	19.947285	20.237385	30.007957	0.049731
2	85	19.34885	30.309661	29.747696	20.552351	0.041443
2	86	31.418673	18.621113	18.412241	31.506531	0.041443
2	87	24.106492	26.046018	25.598435	24.207612	0.041443
2	88	28.877395	20.948545	20.544062	29.586897	0.043101
2	89	24.358464	25.828858	25.278496	24.491081	0.043101
2	90	24.583914	25.227107	25.087859	25.061335	0.039785
2	91	27.007493	23.048869	22.389099	27.514754	0.039785
2	92	28.719912	21.371262	20.822558	29.053113	0.033154
2	93	29.485777	20.073271	20.250647	30.157151	0.033154
2	94	29.923414	19.958889	20.00862	30.074266	0.034812
2	95	29.212254	20.330217	20.131291	30.293084	0.033154
2	96	29.276905	20.721438	20.495988	29.480804	0.024866
2	97	28.87338	21.178011	20.622658	29.307715	0.018235
2	98	28.882147	21.27783	20.987716	28.837387	0.01492
2	99	28.722293	21.363086	20.815995	29.09531	0.003316
2	100	28.865347	21.278889	20.907523	28.943267	0.004974
2	101	28.580665	21.464927	21.231162	28.71993	0.003316
2	102	28.657404	20.98614	20.899927	29.454871	0.001658
2	103	29.048732	21.333466	20.436419	29.181383	0
2	104	28.779913	21.084927	20.882602	29.2509	0.001658
2	105	29.116969	20.611801	20.421028	29.848543	0.001659
2	106	29.358377	20.954388	20.783487	28.903748	0
2	107	29.448861	20.928689	20.615032	29.007418	0
2	108	29.10989	21.028697	20.914176	28.947237	0
2	109	29.022726	21.16237	20.911702	28.903202	0
2	110	28.783979	21.482539	20.741934	28.991548	0
2	111	28.803788	21.450407	20.63798	29.107825	0
2	112	28.897572	21.24709	20.754905	29.100432	0
2	113	29.571129	20.982039	20.305575	29.141258	0
2	114	29.055658	20.854087	20.437907	29.652348	0
2	115	29.179454	20.943804	20.299844	29.576898	0
2	116	29.470672	20.971135	20.405621	29.152571	0
2	117	29.424775	20.473079	20.435935	29.666211	0
2	118	29.229256	21.079312	20.272286	29.417449	0.001695
2	119	29.124313	20.886755	20.852701	29.134529	0.001703
2	120	29.262992	21.326511	20.61808	28.788994	0.003422
2	121	28.834345	21.199195	20.579989	29.37959	0.00688
2	122	29.123177	21.054814	20.76277	29.052326	0.006912
2	123	29.113265	21.438991	20.442152	28.995172	0.01042
2	124	29.32877	20.749808	20.489628	29.407348	0.024446
2	125	29.80987	20.67555	20.519303	28.979477	0.0158
2	126	28.998941	20.768008	20.550847	29.661017	0.021186
2	127	29.800948	20.533764	20.272742	29.360584	0.031962
2	128	29.261764	20.83549	20.721283	29.152911	0.028552
2	129	28.846016	21.119885	20.568916	29.436468	0.028715
2	130	29.26345	21.347483	20.482971	28.877218	0.028877
2	131	29.411978	20.962911	20.505419	29.083383	0.036309
2	132	28.710178	21.091739	21.000456	29.168416	0.02921
2	133	29.044286	21.006227	20.497419	29.419004	0.033063
2	134	29.280961	21.011091	20.426987	29.251386	0.029575
2	135	29.3947	21.074849	20.152487	29.346351	0.031613
2	136	29.595161	20.74751	20.095873	29.529623	0.031833
2	137	29.134318	21.082385	20.360669	29.38494	0.037687
2	138	29.315837	20.921192	20.47368	29.260846	0.028444
2	139	29.400431	20.976326	20.358253	29.228744	0.036245
2	140	29.284344	20.719493	20.723331	29.245971	0.026861
2	141	29.451288	20.824806	20.521682	29.173263	0.028961
2	142	29.002816	21.087484	20.61171	29.272745	0.025245
2	143	29.612618	20.758737	20.279884	29.33117	0.01759
2	144	29.977567	20.555709	20.175922	29.278996	0.011807
2	145	29.126387	20.66561	20.808241	29.399762	0
2	146	29.553025	20.663382	20.16076	29.620839	0.001995
2	147	29.634019	20.801864	19.924072	29.640045	0
2	148	29.727429	20.918026	20.174283	29.180261	0
2	149	29.126094	21.030729	20.196388	29.646789	0
2	150	30.073627	20.357435	19.803662	29.765276	0
2	151	31.287534	18.894449	18.523658	31.292084	0.002275
2	152	36.17073	14.370402	13.871831	35.587037	0


