## htsjdk.samtools.metrics.StringHeader
# CollectMultipleMetrics INPUT=SPT5_T0_R1.mLb.clN.sorted.bam OUTPUT=SPT5_T0_R1.mLb.clN.CollectMultipleMetrics TMP_DIR=[tmp] VALIDATION_STRINGENCY=LENIENT REFERENCE_SEQUENCE=genome.fa    ASSUME_SORTED=true STOP_AFTER=0 METRIC_ACCUMULATION_LEVEL=[ALL_READS] PROGRAM=[CollectAlignmentSummaryMetrics, CollectBaseDistributionByCycle, CollectInsertSizeMetrics, MeanQualityByCycle, QualityScoreDistribution] INCLUDE_UNPAIRED=false VERBOSITY=INFO QUIET=false COMPRESSION_LEVEL=5 MAX_RECORDS_IN_RAM=500000 CREATE_INDEX=false CREATE_MD5_FILE=false GA4GH_CLIENT_SECRETS=client_secrets.json USE_JDK_DEFLATER=false USE_JDK_INFLATER=false
## htsjdk.samtools.metrics.StringHeader
# Started on: Thu Sep 10 13:02:08 BST 2020

## METRICS CLASS	picard.analysis.BaseDistributionByCycleMetrics
READ_END	CYCLE	PCT_A	PCT_C	PCT_G	PCT_T	PCT_N
1	1	19.075043	30.929854	30.571389	19.413919	0.009794
1	2	30.540048	19.406084	19.100507	30.949443	0.003918
1	3	29.284441	20.765509	20.224873	29.725177	0
1	4	29.460735	20.694991	20.457973	29.3863	0
1	5	37.42532	12.507101	12.375859	37.69172	0
1	6	29.008247	21.143562	20.669527	29.170829	0.007835
1	7	28.410805	21.49811	21.043662	29.047423	0
1	8	29.893636	19.94672	20.126932	30.032712	0
1	9	20.910462	29.16887	28.83587	21.084798	0
1	10	31.180584	19.04566	18.575542	31.198214	0
1	11	24.236548	25.981861	25.168949	24.612642	0
1	12	29.092476	20.651897	20.943762	29.311865	0
1	13	24.610683	25.337408	25.276684	24.775225	0
1	14	24.980901	24.514701	25.027913	25.476484	0
1	15	27.349121	22.722376	22.242463	27.686039	0
1	16	29.00237	20.794891	20.740044	29.462694	0
1	17	29.842706	19.858573	19.911461	30.38726	0
1	18	29.797653	20.387456	19.607843	30.207048	0
1	19	29.635071	20.220956	19.899708	30.244266	0
1	20	29.876006	20.334567	20.281679	29.507747	0
1	21	29.672288	20.843862	20.077961	29.405888	0
1	22	29.118511	20.889324	20.526934	29.46523	0
1	23	28.93046	21.192948	20.920666	28.955926	0
1	24	28.77936	20.880757	20.912101	29.427782	0
1	25	28.81771	21.075522	21.16172	28.945048	0
1	26	29.380302	21.130072	20.460022	29.029604	0
1	27	28.99755	20.850563	20.689858	29.462028	0
1	28	29.235444	20.629288	20.501862	29.633405	0
1	29	29.574289	20.452183	20.012942	29.960586	0
1	30	29.361276	20.634796	20.365715	29.638213	0
1	31	29.728134	20.485462	20.296474	29.489931	0
1	32	29.434245	20.642581	20.719407	29.203766	0
1	33	29.387771	20.936373	20.370845	29.305011	0
1	34	29.092916	21.326921	20.193559	29.386605	0
1	35	29.488115	20.946839	20.262353	29.302693	0
1	36	29.443731	20.553305	20.555281	29.447683	0
1	37	29.170053	20.70606	20.692184	29.431703	0
1	38	29.516479	20.345287	20.375122	29.763112	0
1	39	29.787149	20.503647	20.135905	29.573299	0
1	40	29.292339	20.616935	20.429435	29.66129	0
1	41	29.904184	20.390242	19.938858	29.766717	0
1	42	29.964801	20.69023	19.78006	29.56491	0
1	43	29.045068	20.825717	20.655531	29.471583	0.002101
1	44	29.391706	21.182276	20.521456	28.900326	0.004236
1	45	29.875519	20.383283	19.889207	29.847714	0.004278
1	46	29.68281	20.674541	20.385205	29.255285	0.002159
1	47	29.78974	20.402199	20.177543	29.623975	0.006543
1	48	29.858467	20.142634	20.677511	29.312584	0.008805
1	49	29.898075	20.471654	20.1208	29.50503	0.004441
1	50	29.751491	20.347194	20.004037	29.879334	0.017943
1	51	29.639662	20.106531	20.247661	29.987936	0.01821
1	52	29.917436	20.213233	19.993524	29.866556	0.009251
1	53	29.681284	20.550381	20.208733	29.547901	0.0117
1	54	29.389665	20.670589	20.231091	29.703929	0.004726
1	55	29.851387	20.321557	20.381193	29.441092	0.004771
1	56	29.405953	20.383179	20.462706	29.743343	0.00482
1	57	29.561111	20.481488	20.328132	29.624401	0.004868
1	58	29.557244	20.26944	20.00885	30.15955	0.004917
1	59	30.12323	19.999504	19.997025	29.880241	0
1	60	29.778123	20.241911	20.014024	29.965942	0
1	61	29.923351	20.290405	20.02985	29.756394	0
1	62	30.03812	20.183181	20.257375	29.521324	0
1	63	30.024044	20.251299	19.990176	29.734481	0
1	64	29.7403	20.236233	20.277952	29.745515	0
1	65	29.446156	20.281267	20.476153	29.796424	0
1	66	30.056605	20.191873	19.989901	29.76162	0
1	67	29.893449	20.58563	19.992485	29.528436	0
1	68	29.978877	20.836267	19.720522	29.464334	0
1	69	30.018321	20.376801	20.218206	29.386673	0
1	70	30.143263	20.562012	20.274933	29.019792	0
1	71	29.763068	20.070884	20.031814	30.134234	0
1	72	30.222523	19.649152	20.052458	30.075867	0
1	73	29.841524	20.18136	20.02975	29.947365	0
1	74	30.736996	19.753846	19.531136	29.978022	0
1	75	31.954541	18.805752	17.748643	31.491064	0
1	76	36.876475	13.506909	13.447927	36.168689	0
2	77	18.387495	31.351002	31.294196	18.934007	0.0333
2	78	30.596854	19.523614	19.298349	30.536131	0.045053
2	79	29.184541	20.88108	20.604885	29.288359	0.041135
2	80	28.779064	21.020156	20.86345	29.304029	0.0333
2	81	36.980666	12.481636	12.595248	37.911108	0.031341
2	82	28.9534	20.604885	20.994692	29.415682	0.031341
2	83	28.93577	21.406045	20.955515	28.677205	0.025465
2	84	29.997454	20.222914	19.741043	30.005289	0.0333
2	85	21.449139	28.549881	28.340287	21.629351	0.031341
2	86	30.659537	19.598049	19.077001	30.634072	0.031341
2	87	24.559754	25.411843	25.123896	24.877084	0.027424
2	88	29.331453	20.555915	20.622515	29.462694	0.027424
2	89	24.767389	25.452978	24.828113	24.918219	0.0333
2	90	24.779142	25.047502	24.790895	25.351119	0.031341
2	91	27.541086	22.475564	22.461852	27.494075	0.027424
2	92	29.131653	20.849738	20.553956	29.443106	0.021547
2	93	29.709506	20.115179	19.831149	30.318701	0.025465
2	94	30.244266	19.88012	19.811561	30.044465	0.019588
2	95	29.723218	20.301267	20.13085	29.823118	0.021547
2	96	29.441147	21.057374	20.034867	29.448982	0.017629
2	97	29.137529	20.789015	20.387456	29.680124	0.005876
2	98	29.081863	20.791788	21.005309	29.109287	0.011753
2	99	29.029541	21.234916	20.615891	29.115734	0.003918
2	100	28.862203	20.787133	21.07315	29.275555	0.001959
2	101	28.925458	21.151925	20.662161	29.256538	0.003918
2	102	29.249035	20.855783	20.744108	29.151075	0
2	103	29.553561	21.124525	19.974131	29.347783	0
2	104	28.993746	20.785713	20.71318	29.507361	0
2	105	29.527806	20.1506	20.603577	29.718017	0
2	106	29.696339	20.672926	20.22313	29.407605	0
2	107	29.430062	20.964662	20.279555	29.325721	0
2	108	29.241771	20.816343	20.765124	29.176763	0
2	109	29.737345	20.801561	20.385805	29.075289	0
2	110	29.09374	21.158546	20.791943	28.955771	0
2	111	29.54254	20.957529	20.521571	28.97836	0
2	112	29.365032	20.606312	20.535167	29.493488	0
2	113	29.751804	20.723971	20.1689	29.355325	0
2	114	29.424986	20.287607	20.287607	29.999801	0
2	115	29.596914	20.356122	20.116309	29.930654	0
2	116	29.167339	20.752016	20.397177	29.683468	0
2	117	29.686538	20.385262	20.28269	29.645509	0
2	118	29.441159	20.775381	20.044557	29.738902	0
2	119	29.100685	20.678792	20.830008	29.388415	0.0021
2	120	29.754848	20.73842	20.342535	29.164197	0
2	121	29.632955	20.63319	20.359563	29.372154	0.002138
2	122	29.546092	20.565064	20.511105	29.371263	0.006475
2	123	29.550162	20.481455	20.361527	29.600314	0.006542
2	124	30.080084	19.939717	19.974919	29.987679	0.017601
2	125	29.588688	20.543384	19.89301	29.961599	0.013318
2	126	29.987445	20.357831	19.851128	29.781176	0.022421
2	127	30.015927	20.439135	20.009101	29.513083	0.022753
2	128	29.757721	20.526632	19.981043	29.711485	0.023118
2	129	29.460193	20.710544	20.270839	29.535036	0.023389
2	130	29.685876	20.529051	20.073217	29.688238	0.023618
2	131	29.039796	20.687189	20.43444	29.814731	0.023844
2	132	29.558703	20.556921	20.205232	29.652647	0.026497
2	133	29.797329	20.147928	20.082236	29.945743	0.026763
2	134	29.62044	20.226016	19.874708	30.254269	0.024567
2	135	29.670466	20.391477	20.007433	29.905847	0.024777
2	136	29.56957	19.967467	20.005005	30.432933	0.025025
2	137	29.565679	20.280109	20.156234	29.972697	0.025281
2	138	29.927381	20.067505	20.026593	29.952951	0.02557
2	139	29.494469	20.632172	20.272925	29.574589	0.025845
2	140	29.586863	20.536948	20.062557	29.78496	0.028672
2	141	29.668536	20.277493	19.961562	30.071348	0.021062
2	142	29.545877	20.535169	20.056865	29.838174	0.023915
2	143	29.494337	20.349992	19.746095	30.401525	0.008052
2	144	29.874878	20.479905	20.211786	29.425306	0.008125
2	145	29.899896	20.409168	20.026257	29.664679	0
2	146	29.572371	20.326864	20.108771	29.991994	0
2	147	29.959819	19.95368	19.956471	30.13003	0
2	148	29.731254	20.501396	19.779476	29.987874	0
2	149	29.731969	20.296605	19.825123	30.146302	0
2	150	30.758176	19.906145	19.28142	30.051327	0.002933
2	151	31.931489	18.509439	17.942759	31.616313	0
2	152	36.343745	13.93513	13.840741	35.880384	0


