## htsjdk.samtools.metrics.StringHeader
# CollectMultipleMetrics INPUT=SPT5_T0_R2.mLb.clN.sorted.bam OUTPUT=SPT5_T0_R2.mLb.clN.CollectMultipleMetrics TMP_DIR=[tmp] VALIDATION_STRINGENCY=LENIENT REFERENCE_SEQUENCE=genome.fa    ASSUME_SORTED=true STOP_AFTER=0 METRIC_ACCUMULATION_LEVEL=[ALL_READS] PROGRAM=[CollectAlignmentSummaryMetrics, CollectBaseDistributionByCycle, CollectInsertSizeMetrics, MeanQualityByCycle, QualityScoreDistribution] INCLUDE_UNPAIRED=false VERBOSITY=INFO QUIET=false COMPRESSION_LEVEL=5 MAX_RECORDS_IN_RAM=500000 CREATE_INDEX=false CREATE_MD5_FILE=false GA4GH_CLIENT_SECRETS=client_secrets.json USE_JDK_DEFLATER=false USE_JDK_INFLATER=false
## htsjdk.samtools.metrics.StringHeader
# Started on: Thu Sep 10 13:03:01 BST 2020

## METRICS CLASS	picard.analysis.BaseDistributionByCycleMetrics
READ_END	CYCLE	PCT_A	PCT_C	PCT_G	PCT_T	PCT_N
1	1	19.006226	31.483613	29.813227	19.687537	0.009397
1	2	30.471044	19.551275	19.168331	30.804652	0.004699
1	3	28.149888	21.423705	20.599084	29.827323	0
1	4	29.141313	20.930342	20.270175	29.65817	0
1	5	37.309996	12.477388	12.345824	37.864443	0.002349
1	6	28.730177	21.106543	20.347704	29.80148	0.014096
1	7	28.102901	21.790203	20.709503	29.397392	0
1	8	29.864912	19.816751	19.741572	30.576765	0
1	9	20.942089	28.958064	28.593915	21.505932	0
1	10	29.691061	19.539528	19.055562	31.713849	0
1	11	24.750382	25.600846	24.564783	25.083989	0
1	12	29.324562	20.509809	20.267826	29.897803	0
1	13	24.080818	26.082462	24.581229	25.255492	0
1	14	24.693997	24.449665	24.766827	26.08951	0
1	15	27.31587	22.645366	22.058029	27.980735	0
1	16	28.192177	21.151181	20.79408	29.862563	0
1	17	29.557148	20.023493	19.436156	30.983202	0
1	18	29.747445	20.429931	19.339833	30.482791	0
1	19	29.359803	20.352402	19.617056	30.670739	0
1	20	29.030894	20.913896	19.851991	30.203219	0
1	21	28.958744	20.921436	19.774927	30.344892	0
1	22	28.581834	20.957662	20.325643	30.134862	0
1	23	28.918493	21.258899	20.192195	29.630413	0
1	24	28.851034	20.761278	20.382989	30.004699	0
1	25	29.326064	20.782028	20.081775	29.810133	0
1	26	29.268809	20.96035	19.72172	30.049122	0
1	27	29.580776	20.895347	19.771461	29.752416	0
1	28	29.298014	20.506728	20.064458	30.130799	0
1	29	29.699637	20.488678	19.622428	30.189257	0
1	30	29.281508	20.365135	20.129564	30.223793	0
1	31	29.397346	20.255014	20.071178	30.276462	0
1	32	29.506496	20.454599	20.070265	29.96864	0
1	33	29.792153	20.503928	20.046241	29.657678	0
1	34	28.693189	21.307992	20.203046	29.795774	0
1	35	29.117216	20.960802	20.102605	29.819377	0
1	36	29.120645	20.815359	20.21095	29.853046	0
1	37	28.88133	20.965248	20.104184	30.049238	0
1	38	29.363126	20.652408	19.79448	30.189987	0
1	39	29.683745	20.309045	19.739498	30.267711	0
1	40	29.427707	20.631579	19.566848	30.373866	0
1	41	29.72571	20.229184	19.836645	30.20846	0
1	42	29.752695	20.319752	19.683686	30.243866	0
1	43	29.591912	20.602121	19.96935	29.836617	0
1	44	29.43113	20.976632	20.318228	29.274011	0
1	45	29.59312	20.474777	19.989438	29.942665	0
1	46	28.751682	20.741831	20.26708	30.239407	0
1	47	29.819841	20.629917	19.510007	30.037672	0.002563
1	48	29.880931	20.032544	20.032544	30.051399	0.002583
1	49	29.717129	20.295895	19.649927	30.337049	0
1	50	29.631575	20.296211	19.437515	30.618944	0.015756
1	51	29.99204	19.968161	19.801008	30.222871	0.015919
1	52	29.870686	20.497443	19.905759	29.723434	0.002677
1	53	29.74323	20.15012	19.95032	30.14823	0.0081
1	54	29.723471	20.593925	19.871952	29.810652	0
1	55	30.053323	20.128085	19.567368	30.251223	0
1	56	29.422863	20.59101	20.260821	29.722531	0.002775
1	57	29.610142	20.589964	19.554449	30.245445	0
1	58	29.683217	20.128861	19.425213	30.762709	0
1	59	30.046427	19.977783	19.701501	30.274289	0
1	60	29.900075	20.056854	19.674955	30.368116	0
1	61	29.9177	20.493799	19.288281	30.30022	0
1	62	30.062246	20.228528	19.489173	30.220053	0
1	63	29.985259	19.982311	19.242335	30.790094	0
1	64	30.047269	20.640961	19.760977	29.550792	0
1	65	29.745697	20.542194	19.63054	30.081569	0
1	66	30.069232	20.059256	19.762977	30.108535	0
1	67	30.210873	20.2706	19.371648	30.14688	0
1	68	30.236201	20.560862	19.111097	30.091839	0
1	69	30.463433	20.378047	19.060141	30.098379	0
1	70	30.590362	20.201359	19.705754	29.502525	0
1	71	30.559572	20.119459	19.038038	30.28293	0
1	72	29.963177	19.925719	19.614628	30.496476	0
1	73	30.437998	19.838564	19.317597	30.40584	0
1	74	30.729732	19.732728	19.502321	30.035219	0
1	75	32.542204	18.148399	17.224027	32.085371	0
1	76	37.009816	13.243871	12.878752	36.867561	0
2	77	18.566898	31.988723	30.177376	19.20592	0.061083
2	78	30.142136	19.53248	19.057911	31.199342	0.068131
2	79	28.363679	21.310936	20.488664	29.775637	0.061083
2	80	29.207095	20.876307	20.173852	29.676965	0.065782
2	81	37.011629	12.942558	12.388112	37.596617	0.061083
2	82	29.319864	20.82932	20.347704	29.444379	0.058734
2	83	28.36133	21.559967	21.061905	28.962763	0.054035
2	84	29.888406	20.152708	19.454951	30.442852	0.061083
2	85	20.974979	29.395043	28.119347	21.458945	0.051686
2	86	30.503935	19.485493	18.931047	31.030189	0.049336
2	87	24.748032	25.631387	24.311054	25.271937	0.03759
2	88	29.510161	20.119817	20.096323	30.23376	0.039939
2	89	24.600023	25.882768	24.628216	24.83026	0.058734
2	90	24.952426	24.524844	24.574181	25.899213	0.049336
2	91	27.059791	22.610126	21.76671	28.523435	0.039939
2	92	28.896981	20.556795	20.368848	30.146834	0.030542
2	93	29.803829	20.03759	19.527781	30.588512	0.042288
2	94	30.085751	20.101022	19.27875	30.503935	0.030542
2	95	29.258781	20.310114	19.976507	30.424057	0.030542
2	96	29.338659	20.850464	19.992952	29.796781	0.021144
2	97	29.450462	20.585955	20.39095	29.567935	0.004699
2	98	29.00914	20.851054	20.383468	29.74459	0.011748
2	99	29.140816	21.491352	20.325719	29.037413	0.0047
2	100	29.210737	20.636488	20.142904	30.007521	0.00235
2	101	29.174208	21.036177	20.229896	29.555018	0.004701
2	102	29.162944	20.738302	20.235128	29.863626	0
2	103	29.835333	20.701012	19.62597	29.837685	0
2	104	29.575675	20.950319	19.783013	29.690993	0
2	105	29.616372	20.095142	20.262346	30.02614	0
2	106	29.683228	20.703309	20.177713	29.43575	0
2	107	30.035611	20.038677	19.607103	30.31861	0
2	108	29.821374	20.562071	19.861252	29.755303	0
2	109	29.526193	20.711065	20.099625	29.663118	0
2	110	29.626217	20.76127	19.988659	29.623854	0
2	111	29.535076	20.660121	19.884065	29.920738	0
2	112	29.299424	20.744466	19.897511	30.058599	0
2	113	29.408824	21.142354	19.85667	29.592153	0
2	114	29.44075	20.525762	19.96125	30.072238	0
2	115	30.119323	20.157333	19.459681	30.263664	0
2	116	29.847384	20.443314	19.234496	30.474806	0
2	117	29.985845	20.102011	19.599278	30.312866	0
2	118	30.077683	20.28615	19.133192	30.502975	0
2	119	29.639711	20.298426	19.956943	30.104919	0
2	120	29.438202	20.876404	19.857678	29.827715	0
2	121	29.13929	20.688266	20.277925	29.892002	0.002517
2	122	29.29352	20.172808	20.172808	30.358323	0.002541
2	123	29.670104	20.288851	19.786055	30.247294	0.007696
2	124	30.089205	20.243051	19.425986	30.22883	0.012928
2	125	30.060742	20.185615	19.489559	30.248442	0.015642
2	126	29.486741	20.325353	19.534309	30.6352	0.018396
2	127	29.851816	20.389845	19.606437	30.128001	0.023901
2	128	30.069124	20.646233	19.652234	29.613653	0.018755
2	129	29.939748	20.453379	19.450974	30.134284	0.021615
2	130	29.304469	20.590561	19.838046	30.23966	0.027265
2	131	29.677313	20.414844	19.729856	30.150477	0.02751
2	132	29.539017	20.072202	20.122188	30.238823	0.02777
2	133	29.733894	20	19.27451	30.960784	0.030812
2	134	29.81558	19.878939	19.898738	30.386943	0.0198
2	135	30.49702	20.137443	19.341869	29.998004	0.025664
2	136	30.476519	20.118411	19.109617	30.269587	0.025867
2	137	30.031615	20.080053	19.540563	30.324564	0.023204
2	138	30.303651	20.442312	19.395039	29.835596	0.023403
2	139	29.729411	20.372392	19.841246	30.036295	0.020656
2	140	29.797679	20.235049	19.55668	30.389765	0.020827
2	141	30.115274	19.950768	19.686599	30.223343	0.024015
2	142	29.782727	20.52896	19.491013	30.179144	0.018157
2	143	30.07106	19.857269	19.107018	30.949404	0.015249
2	144	30.516706	19.939753	19.106753	30.433713	0.003074
2	145	30.441245	19.938071	19.402384	30.2183	0
2	146	30.517091	20.125374	19.539047	29.818488	0
2	147	30.443948	20.013844	19.09826	30.443948	0
2	148	30.273859	20.021604	19.494218	30.210319	0
2	149	30.521635	19.902052	19.363985	30.212327	0
2	150	30.364238	19.857616	19.377483	30.400662	0
2	151	31.454414	18.545586	17.760492	32.239508	0
2	152	36.215429	13.255701	14.017467	36.511402	0


