## htsjdk.samtools.metrics.StringHeader
# CollectMultipleMetrics INPUT=SPT5_T15_R2.mLb.clN.sorted.bam OUTPUT=SPT5_T15_R2.mLb.clN.CollectMultipleMetrics TMP_DIR=[tmp] VALIDATION_STRINGENCY=LENIENT REFERENCE_SEQUENCE=genome.fa    ASSUME_SORTED=true STOP_AFTER=0 METRIC_ACCUMULATION_LEVEL=[ALL_READS] PROGRAM=[CollectAlignmentSummaryMetrics, CollectBaseDistributionByCycle, CollectInsertSizeMetrics, MeanQualityByCycle, QualityScoreDistribution] INCLUDE_UNPAIRED=false VERBOSITY=INFO QUIET=false COMPRESSION_LEVEL=5 MAX_RECORDS_IN_RAM=500000 CREATE_INDEX=false CREATE_MD5_FILE=false GA4GH_CLIENT_SECRETS=client_secrets.json USE_JDK_DEFLATER=false USE_JDK_INFLATER=false
## htsjdk.samtools.metrics.StringHeader
# Started on: Thu Sep 10 13:04:39 BST 2020

## METRICS CLASS	picard.analysis.BaseDistributionByCycleMetrics
READ_END	CYCLE	PCT_A	PCT_C	PCT_G	PCT_T	PCT_N
1	1	18.702694	31.451127	31.221616	18.616424	0.008139
1	2	30.537967	19.174738	19.116139	31.169529	0.001628
1	3	29.325303	20.652722	20.206723	29.815252	0
1	4	29.676894	20.32392	20.048832	29.950354	0
1	5	38.015789	11.957353	11.649711	38.375519	0.001628
1	6	29.341581	20.581102	20.322292	29.742004	0.013022
1	7	29.08277	20.885489	20.535525	29.496216	0
1	8	30.345894	19.749329	19.544234	30.360544	0
1	9	20.48181	30.064296	29.094165	20.35973	0
1	10	31.416945	18.240417	17.786278	32.55636	0
1	11	24.560918	25.566859	25.101327	24.770896	0
1	12	29.42134	20.615284	20.281598	29.681777	0
1	13	24.889721	25.231546	24.980874	24.89786	0
1	14	25.045984	24.458371	24.899487	25.596159	0
1	15	27.608041	22.778546	21.867014	27.746399	0
1	16	29.304143	20.706438	20.276715	29.712704	0
1	17	30.21242	19.692358	19.562139	30.533084	0
1	18	30.21242	19.952796	19.513307	30.321478	0
1	19	30.217303	19.490518	19.829088	30.463091	0
1	20	29.984537	20.068365	19.788394	30.158704	0
1	21	29.595507	20.657606	20.039066	29.707821	0
1	22	29.23137	20.86304	20.24449	29.6611	0
1	23	29.319269	20.924895	20.547254	29.208582	0
1	24	29.253484	20.823024	20.497461	29.426032	0
1	25	29.307679	20.605232	20.551513	29.535577	0
1	26	29.401423	20.671019	20.43009	29.497469	0
1	27	29.831789	20.274869	20.030613	29.862728	0
1	28	30.213237	20.173652	19.763142	29.849968	0
1	29	30.05542	20.185819	19.625102	30.133659	0
1	30	29.890232	20.289997	19.983364	29.836408	0
1	31	29.489899	20.249013	20.320812	29.940276	0
1	32	29.928497	20.3376	20.125375	29.608528	0
1	33	29.887479	20.345239	20.296245	29.471037	0
1	34	29.733484	20.286942	20.28204	29.697534	0
1	35	29.500556	20.667888	20.445477	29.38608	0
1	36	29.611364	20.316545	20.490219	29.581872	0
1	37	29.547585	20.484484	20.163797	29.804134	0
1	38	29.486692	20.395182	20.218408	29.899717	0
1	39	30.065468	20.143897	19.951148	29.839487	0
1	40	29.886768	20.291358	19.799629	30.022245	0
1	41	29.820008	19.93225	19.792369	30.455373	0
1	42	30.077893	20.423575	19.4427	30.055832	0
1	43	29.327902	20.69178	20.12528	29.855038	0
1	44	29.431975	20.595649	20.229627	29.742749	0
1	45	29.698259	20.707027	19.927833	29.666882	0
1	46	29.598774	20.476962	20.249753	29.672749	0.001761
1	47	29.701155	20.566719	20.03097	29.697595	0.00356
1	48	29.98597	20.145334	20.161522	29.701777	0.005396
1	49	29.699084	20.186437	20.010176	30.098852	0.005451
1	50	29.94511	20.377068	20.035614	29.629358	0.01285
1	51	29.365595	20.696565	20.048986	29.872154	0.0167
1	52	29.571897	20.76815	20.091803	29.560656	0.007494
1	53	29.697371	20.166446	20.111594	30.017023	0.007566
1	54	29.18178	20.65786	20.096598	30.061853	0.001909
1	55	29.576813	20.550374	19.933708	29.933323	0.005781
1	56	29.800074	20.43645	20.376102	29.38348	0.003893
1	57	29.632981	20.551906	19.739585	30.073561	0.001967
1	58	29.801996	20.199992	19.941553	30.056459	0
1	59	30.194968	19.950605	19.942574	29.911853	0
1	60	30.167484	20.290766	19.830488	29.711262	0
1	61	29.607715	20.418902	19.78625	30.187134	0
1	62	30.17749	19.906193	19.976445	29.939872	0
1	63	30.057357	20.39003	19.71217	29.840442	0
1	64	29.891327	20.557264	20.056021	29.495388	0
1	65	29.752593	20.062489	19.875446	30.309471	0
1	66	29.763131	20.333419	20.127446	29.776004	0
1	67	29.606446	20.33399	20.089237	29.970326	0
1	68	29.70113	20.057282	19.904239	30.337349	0
1	69	30.00596	20.244586	19.957617	29.791837	0
1	70	29.542111	20.281778	19.563957	30.612154	0
1	71	30.278597	19.760816	20.033333	29.927254	0
1	72	29.843885	19.953575	20.333622	29.868918	0
1	73	29.998156	20.068686	19.86816	30.064998	0
1	74	30.421438	19.879589	19.830008	29.868965	0
1	75	32.019186	18.650285	17.765352	31.565177	0
1	76	36.373514	13.534805	13.633277	36.458404	0
2	77	17.877431	32.391959	31.53577	18.147636	0.047204
2	78	31.02466	19.174738	19.108	30.630748	0.061854
2	79	29.742004	20.787825	20.120453	29.294376	0.055343
2	80	29.510865	20.615284	20.242533	29.582486	0.048832
2	81	37.758607	12.212908	11.874339	38.106942	0.047204
2	82	29.592252	20.735737	20.039066	29.588997	0.043949
2	83	29.282982	20.590868	20.662489	29.42134	0.042321
2	84	30.140799	19.855131	19.563767	30.391471	0.048832
2	85	20.297876	29.621551	29.364369	20.670627	0.045577
2	86	31.625295	18.090665	18.071132	32.168959	0.043949
2	87	24.694392	25.301538	24.89786	25.063889	0.042321
2	88	29.339953	20.522503	20.271832	29.823391	0.042321
2	89	24.901115	25.267356	24.720436	25.0704	0.040693
2	90	25.086677	24.407911	24.622772	25.845202	0.037438
2	91	27.585253	22.483926	22.075364	27.819647	0.03581
2	92	29.688288	20.283226	20.34508	29.655734	0.027672
2	93	30.358916	19.693986	19.374949	30.537967	0.034182
2	94	30.253113	19.708635	19.418898	30.598193	0.021161
2	95	30.135916	19.79165	19.464475	30.57866	0.029299
2	96	29.795719	20.078131	19.578416	30.529828	0.017905
2	97	29.731577	20.565494	19.943678	29.75925	0
2	98	28.986522	20.639081	20.440487	29.927399	0.006511
2	99	29.348852	21.012535	20.242552	29.394433	0.001628
2	100	29.527732	20.52192	20.438895	29.511453	0
2	101	29.748958	20.762243	20.246158	29.241013	0.001628
2	102	29.565954	20.458468	19.974928	30.000651	0
2	103	29.90228	20.467427	20.027687	29.602606	0
2	104	29.359816	20.424291	20.043016	30.172877	0
2	105	29.574801	20.314334	20.084453	30.026412	0
2	106	29.903416	20.292361	20.243417	29.560805	0
2	107	29.895864	20.257565	20.203702	29.642869	0
2	108	29.572474	20.641453	20.153178	29.632896	0
2	109	29.886785	20.67929	20.34765	29.086275	0
2	110	29.582046	20.786544	20.248778	29.382631	0
2	111	29.63587	20.694563	19.974809	29.694759	0
2	112	29.582405	20.75849	20.232398	29.426708	0
2	113	29.580338	20.675473	20.195108	29.549081	0
2	114	29.712444	20.325566	20.014874	29.947116	0
2	115	29.645326	20.082103	20.18681	30.08576	0
2	116	29.83956	20.529336	19.773142	29.85629	0.001673
2	117	30.124726	19.937637	19.930895	30.005056	0.001685
2	118	29.937884	20.372696	20.031567	29.657853	0
2	119	29.749619	20.150263	20.220431	29.879687	0
2	120	29.795242	20.615656	20.120162	29.467215	0.001726
2	121	29.503338	20.560291	20.188972	29.740425	0.006973
2	122	29.491334	20.596731	20.174017	29.734395	0.003523
2	123	29.943402	20.610116	19.932012	29.50913	0.005339
2	124	29.983454	20.255737	19.892454	29.852169	0.016186
2	125	29.787621	20.211471	19.86992	30.116454	0.014534
2	126	30.013397	20.092129	19.932463	29.943658	0.018352
2	127	29.713236	20.56685	19.724737	29.980338	0.014839
2	128	30.190835	20.195891	19.763283	29.831264	0.018728
2	129	29.606868	20.515099	19.756822	30.102301	0.01891
2	130	29.574777	20.738224	20.068326	29.595771	0.022903
2	131	29.913312	20.194568	20.184935	29.676363	0.030823
2	132	29.478498	20.719984	20.20432	29.571901	0.025297
2	133	29.57896	20.212682	20.328655	29.854149	0.025553
2	134	29.599682	20.458925	19.807291	30.112248	0.021854
2	135	29.760424	20.47233	19.928569	29.816606	0.022072
2	136	30.186194	20.110623	19.65476	30.022084	0.026339
2	137	29.800769	20.416053	19.894453	29.860088	0.028637
2	138	29.931889	20.084623	19.680083	30.282766	0.02064
2	139	29.897079	20.438352	19.690404	29.949165	0.025001
2	140	29.839727	20.242302	20.036177	29.862864	0.01893
2	141	29.816592	20.363845	19.777957	30.020379	0.021228
2	142	30.156213	20.294855	19.802001	29.725502	0.021428
2	143	30.013412	20.440877	19.584217	29.948514	0.01298
2	144	30.159631	19.640556	19.939729	30.253532	0.006551
2	145	29.896998	20.123955	19.808553	30.170493	0
2	146	29.500457	20.440525	19.816931	30.242088	0
2	147	30.084851	20.017555	19.574171	30.323423	0
2	148	30.085517	20.157842	19.791667	29.964975	0
2	149	30.13607	20.11762	19.649446	30.096863	0
2	150	30.864373	19.382049	19.521846	30.231732	0
2	151	32.245034	18.310693	17.829577	31.612123	0.002573
2	152	36.6585	14.022981	13.067182	36.251337	0


